             -1            163            137            633             59            880            864            474            917            972
            631             -1            178            795            881            328            306            593            102            983
            573            695             -1            729            348            709            201            245            361            168
            426            808            945             -1            854            457            610            654            598            578
             29            678            695            985             -1            244            422            955            909            447
            817            217            632            276            943             -1             15            519            475            821
            443            996            597            652            416            726             -1            132            927            521
            339            522            784            630            448            868            409             -1            857            542
            777            983            354            564             64            133            837            324             -1            243
             53            825            709            253             10            920            793            601             71             -1
